0.006 0.0039 0.0013 0.0003 5.3e-05 9.4e-06 1.9e-06 3.1e-07 6.32e-08
0.0039 0.0032 0.001 0.00024 4.4e-05 7.8e-06 1.7e-06 2.7e-07 4.86e-08
0.0013 0.001 0.00036 8.6e-05 1.6e-05 3e-06 6.7e-07 1.2e-07 2.44e-08
0.0003 0.00024 8.6e-05 2.4e-05 4.5e-06 8.9e-07 2.1e-07 4.2e-08 9.58e-09
5.3e-05 4.4e-05 1.6e-05 4.5e-06 1.2e-06 2.2e-07 5.4e-08 1.2e-08 2.87e-09
9.4e-06 7.8e-06 3e-06 8.9e-07 2.2e-07 7.4e-08 1.3e-08 3.1e-09 7.66e-10
1.9e-06 1.7e-06 6.7e-07 2.1e-07 5.4e-08 1.3e-08 6.1e-09 8.9e-10 2.33e-10
3.1e-07 2.7e-07 1.2e-07 4.2e-08 1.2e-08 3.1e-09 8.9e-10 6.7e-10 6.3e-11
6.32e-08 4.86e-08 2.44e-08 9.58e-09 2.87e-09 7.66e-10 2.33e-10 6.72e-11 5.34e-11

299 258 209 162 128 112 93 76 57 36
258 248 190 147 116 102 85 69 52 33
209 190 165 120 95 83 69 56 42 27
162 147 120 102 74 65 54 44 33 21
128 116 95 74 64 51 43 35 26 17
112 102 83 65 51 49 38 31 23 15
93 85 69 54 43 38 33 25 19 12
76 69 56 44 35 31 25 22 16 9.9
57 52 42 33 26 23 19 16 12 7.5
36 33 27 21 17 15 12 9.9 7.5 5

0.029 0.0027 0.0003 2.4e-05 2.5e-06 1.1e-06 4.6e-08
0.0027 0.00045 3.8e-05 3.6e-06 4.7e-07 1.9e-07 8.8e-09
0.0003 3.8e-05 8e-06 5.3e-07 7.6e-08 2.7e-08 2.36e-09
2.4e-05 3.6e-06 5.3e-07 1.3e-07 1.2e-08 3.2e-09 6.11e-10
2.5e-06 4.7e-07 7.6e-08 1.2e-08 4e-09 1e-09 7.7e-11
1.1e-06 1.9e-07 2.7e-08 3.2e-09 1e-09 7e-10 -1.64e-11
4.6e-08 8.8e-09 2.36e-09 6.11e-10 7.7e-11 -1.64e-11 2.1e-11

204 176 154 125 107 90 74 61 52 35
176 174 141 115 99 83 68 56 48 32
154 141 134 101 86 72 59 49 42 28
125 115 101 90 71 59 49 40 34 23
107 99 86 71 68 51 42 35 30 20
90 83 72 59 51 48 35 29 25 17
74 68 59 49 42 35 32 24 21 14
61 56 49 40 35 29 24 22 17 12
52 48 42 34 30 25 21 17 16 10
35 32 28 23 20 17 14 12 10 7.7

278 211 91 26 6.6 2.6 1.4 0.67 0.24 0.047
211 174 72 21 5.4 2.1 1.1 0.57 0.21 0.043
91 72 34 9.8 2.7 1.1 0.59 0.31 0.13 0.03
26 21 9.8 3.6 1 0.4 0.24 0.13 0.061 0.016
6.6 5.4 2.7 1 0.38 0.14 0.087 0.051 0.024 0.0064
2.6 2.1 1.1 0.4 0.14 0.079 0.041 0.024 0.011 0.0027
1.4 1.1 0.59 0.24 0.087 0.041 0.031 0.015 0.0069 0.0018
0.67 0.57 0.31 0.13 0.051 0.024 0.015 0.011 0.0044 0.0012
0.24 0.21 0.13 0.061 0.024 0.011 0.0069 0.0044 0.0027 0.00064
0.047 0.043 0.03 0.016 0.0064 0.0027 0.0018 0.0012 0.00064 0.00026

16 25 25 23 21 18 15 13 12 12
25 44 41 39 35 29 24 21 19 19
25 41 44 38 35 29 24 20 19 19
23 39 38 40 33 27 23 19 18 18
21 35 35 33 33 25 21 18 16 16
18 29 29 27 25 23 17 15 14 14
15 24 24 23 21 17 16 12 12 11
13 21 20 19 18 15 12 12 9.9 9.8
12 19 19 18 16 14 12 9.9 10 9.1
12 19 19 18 16 14 11 9.8 9.1 9.9

0.0037 0.0014 0.00063 0.00024 7.4e-05 2.2e-05 6.3e-06 1.7e-06 3.9e-07 5.41e-08
0.0014 0.0007 0.00029 0.00011 3.5e-05 1e-05 3e-06 8.2e-07 1.8e-07 2.67e-08
0.00063 0.00029 0.00015 5.3e-05 1.7e-05 5e-06 1.4e-06 4e-07 9.2e-08 1.39e-08
0.00024 0.00011 5.3e-05 2.2e-05 6.5e-06 2e-06 5.7e-07 1.6e-07 3.7e-08 5.6e-09
7.4e-05 3.5e-05 1.7e-05 6.5e-06 2.3e-06 6.6e-07 1.9e-07 5.4e-08 1.2e-08 1.96e-09
2.2e-05 1e-05 5e-06 2e-06 6.6e-07 2.2e-07 6e-08 1.7e-08 4e-09 6.4e-10
6.3e-06 3e-06 1.4e-06 5.7e-07 1.9e-07 6e-08 2.1e-08 5.3e-09 1.4e-09 2.16e-10
1.7e-06 8.2e-07 4e-07 1.6e-07 5.4e-08 1.7e-08 5.3e-09 2.3e-09 4.4e-10 7.79e-11
3.9e-07 1.8e-07 9.2e-08 3.7e-08 1.2e-08 4e-09 1.4e-09 4.4e-10 2e-10 2.28e-11
5.41e-08 2.67e-08 1.39e-08 5.6e-09 1.96e-09 6.4e-10 2.16e-10 7.79e-11 2.28e-11 8.53e-12

6.2 4.9 4.8 4.6 4.5 4.4 4.1 3.8 3.6 3.1
4.9 5.9 4.7 4.5 4.4 4.3 4 3.8 3.5 3
4.8 4.7 5.8 4.5 4.4 4.3 4 3.7 3.5 3
4.6 4.5 4.5 5.4 4.2 4.2 3.8 3.6 3.4 2.9
4.5 4.4 4.4 4.2 5.2 4.1 3.8 3.6 3.3 2.9
4.4 4.3 4.3 4.2 4.1 5.1 3.8 3.5 3.3 2.8
4.1 4 4 3.8 3.8 3.8 4.2 3.3 3.1 2.6
3.8 3.8 3.7 3.6 3.6 3.5 3.3 3.6 2.9 2.5
3.6 3.5 3.5 3.4 3.3 3.3 3.1 2.9 3.2 2.3
3.1 3 3 2.9 2.9 2.8 2.6 2.5 2.3 2.2

0.44 0.43 0.5 0.65 0.93 1.4 2
0.43 0.53 0.54 0.71 1 1.6 2.2
0.5 0.54 0.72 0.82 1.2 1.8 2.6
0.65 0.71 0.82 1.3 1.6 2.4 3.6
0.93 1 1.2 1.6 2.8 3.7 5.5
1.4 1.6 1.8 2.4 3.7 7.1 9.3
2 2.2 2.6 3.6 5.5 9.3 17

1.4 1.3 1.3 1.4 1.6 1.9 2.2
1.3 1.6 1.4 1.5 1.7 2 2.3
1.3 1.4 1.6 1.5 1.7 2 2.3
1.4 1.5 1.5 2 1.9 2.3 2.6
1.6 1.7 1.7 1.9 2.6 2.7 3.1
1.9 2 2 2.3 2.7 3.9 3.9
2.2 2.3 2.3 2.6 3.1 3.9 5.2

1.1 1.2 1.2 1.1 1.2 1.3 1.4 1.6 1.8 2
1.2 1.9 1.5 1.4 1.5 1.7 1.9 2.1 2.4 2.6
1.2 1.5 1.7 1.3 1.4 1.5 1.7 2 2.3 2.4
1.1 1.4 1.3 1.6 1.3 1.5 1.7 1.9 2.2 2.3
1.2 1.5 1.4 1.3 1.7 1.5 1.7 2 2.3 2.5
1.3 1.7 1.5 1.5 1.5 2.1 1.9 2.2 2.5 2.8
1.4 1.9 1.7 1.7 1.7 1.9 2.6 2.5 2.9 3.2
1.6 2.1 2 1.9 2 2.2 2.5 3.6 3.4 3.8
1.8 2.4 2.3 2.2 2.3 2.5 2.9 3.4 4.7 4.4
2 2.6 2.4 2.3 2.5 2.8 3.2 3.8 4.4 5.6

5.6e-06 1.2e-05 2.9e-06 5.1e-07 8.1e-08 1.3e-08 2.2e-09
1.2e-05 4.0e-05 8.8e-06 1.6e-06 2.5e-07 4.1e-08 7.3e-09
2.9e-06 8.8e-06 2.6e-06 4.4e-07 7.4e-08 1.3e-08 2.4e-09
5.1e-07 1.6e-06 4.4e-07 9.8e-08 1.6e-08 2.8e-09 5.8e-10
8.1e-08 2.5e-07 7.4e-08 1.6e-08 4.1e-09 5.9e-10 1.3e-10
1.3e-08 4.1e-08 1.3e-08 2.8e-09 5.9e-10 2.2e-10 2.7e-11
2.2e-09 7.3e-09 2.4e-09 5.8e-10 1.3e-10 2.7e-11 1.2e-11

0.0026 0.00045 0.00011 2.6e-05 4.9e-06 1.1e-06 2.5e-07 8.6e-08
0.00045 0.00011 2.6e-05 6.1e-06 1.2e-06 2.8e-07 5.5e-08 2.2e-08
0.00011 2.6e-05 7.2e-06 1.6e-06 3.1e-07 7.6e-08 1.5e-08 6.0e-09
2.6e-05 6.1e-06 1.6e-06 4e-07 7.7e-08 2.1e-08 3.6e-09 1.7e-09
4.9e-06 1.2e-06 3.1e-07 7.7e-08 1.7e-08 4.2e-09 8.3e-10 3.7e-10
1.1e-06 2.8e-07 7.6e-08 2.1e-08 4.2e-09 1.6e-09 1.4e-10 1.2e-10
2.5e-07 5.5e-08 1.5e-08 3.6e-09 8.3e-10 1.4e-10 1.3e-10 1.9e-11
8.6e-08 2.2e-08 6.0e-09 1.7e-09 3.7e-10 1.2e-10 1.9e-11 1.6e-11 

0.99 0.78 0.78 0.74 0.77 0.71 0.64 0.62 0.6 0.55
0.78 0.99 0.78 0.74 0.77 0.71 0.65 0.62 0.6 0.55
0.78 0.78 1 0.73 0.76 0.71 0.64 0.61 0.59 0.54
0.74 0.74 0.73 0.93 0.74 0.69 0.62 0.59 0.57 0.53
0.77 0.77 0.76 0.74 0.99 0.71 0.65 0.62 0.6 0.55
0.71 0.71 0.71 0.69 0.71 0.86 0.61 0.58 0.56 0.51
0.64 0.65 0.64 0.62 0.65 0.61 0.7 0.53 0.51 0.47
0.62 0.62 0.61 0.59 0.62 0.58 0.53 0.6 0.49 0.45
0.6 0.6 0.59 0.57 0.6 0.56 0.51 0.49 0.56 0.44
0.55 0.55 0.54 0.53 0.55 0.51 0.47 0.45 0.44 0.44

1 0.73 0.54 0.43 0.35 0.27 0.19 0.12 0.058 0.017
0.73 0.83 0.48 0.38 0.31 0.24 0.17 0.1 0.052 0.016
0.54 0.48 0.45 0.29 0.24 0.18 0.13 0.079 0.039 0.012
0.43 0.38 0.29 0.28 0.19 0.14 0.1 0.063 0.032 0.0095
0.35 0.31 0.24 0.19 0.18 0.12 0.085 0.052 0.026 0.0079
0.27 0.24 0.18 0.14 0.12 0.11 0.066 0.04 0.02 0.0061
0.19 0.17 0.13 0.1 0.085 0.066 0.055 0.029 0.015 0.0045
0.12 0.1 0.079 0.063 0.052 0.04 0.029 0.021 0.0091 0.0028
0.058 0.052 0.039 0.032 0.026 0.02 0.015 0.0091 0.005 0.0014
0.017 0.016 0.012 0.0095 0.0079 0.0061 0.0045 0.0028 0.0014 0.00047

0.43 0.4 0.36 0.32 0.31 0.32 0.34 0.36 0.39 0.4
0.4 0.68 0.45 0.41 0.39 0.41 0.43 0.46 0.5 0.51
0.36 0.45 0.52 0.36 0.35 0.36 0.38 0.4 0.44 0.45
0.32 0.41 0.36 0.41 0.31 0.32 0.34 0.36 0.39 0.4
0.31 0.39 0.35 0.31 0.38 0.31 0.33 0.35 0.38 0.39
0.32 0.41 0.36 0.32 0.31 0.4 0.34 0.36 0.39 0.4
0.34 0.43 0.38 0.34 0.33 0.34 0.43 0.38 0.41 0.43
0.36 0.46 0.4 0.36 0.35 0.36 0.38 0.48 0.44 0.46
0.39 0.5 0.44 0.39 0.38 0.39 0.41 0.44 0.55 0.5
0.4 0.51 0.45 0.4 0.39 0.4 0.43 0.46 0.5 0.6

0.21 0.19 0.21 0.25 0.29 0.35 0.38
0.19 0.24 0.23 0.26 0.31 0.37 0.4
0.21 0.23 0.3 0.29 0.35 0.41 0.45
0.25 0.26 0.29 0.41 0.4 0.48 0.52
0.29 0.31 0.35 0.4 0.59 0.57 0.62
0.35 0.37 0.41 0.48 0.57 0.86 0.75
0.38 0.4 0.45 0.52 0.62 0.75 1

0.42 0.35 0.35 0.35 0.37 0.39 0.4
0.35 0.43 0.36 0.36 0.38 0.4 0.41
0.35 0.36 0.44 0.36 0.37 0.4 0.4
0.35 0.36 0.36 0.45 0.38 0.4 0.41
0.37 0.38 0.37 0.38 0.49 0.42 0.43
0.39 0.4 0.4 0.4 0.42 0.54 0.45
0.4 0.41 0.4 0.41 0.43 0.45 0.56

0.34 0.36 0.32 0.31 0.3 0.32 0.33 0.35 0.36 0.37
0.36 0.55 0.41 0.39 0.39 0.4 0.42 0.44 0.46 0.47
0.32 0.41 0.46 0.36 0.35 0.37 0.38 0.4 0.42 0.43
0.31 0.39 0.36 0.42 0.33 0.35 0.36 0.38 0.4 0.41
0.3 0.39 0.35 0.33 0.4 0.35 0.36 0.38 0.39 0.4
0.32 0.4 0.37 0.35 0.35 0.45 0.37 0.39 0.41 0.42
0.33 0.42 0.38 0.36 0.36 0.37 0.48 0.41 0.42 0.43
0.35 0.44 0.4 0.38 0.38 0.39 0.41 0.53 0.45 0.46
0.36 0.46 0.42 0.4 0.39 0.41 0.42 0.45 0.58 0.48
0.37 0.47 0.43 0.41 0.4 0.42 0.43 0.46 0.48 0.59

7.2e-05 3.9e-05 7.6e-06 1.4e-06 2.6e-07 5.2e-08 1.2e-08 2.6e-09
3.9e-05 3.3e-05 5.2e-06 9.5e-07 1.9e-07 3.7e-08 8.2e-09 1.9e-09
7.6e-06 5.2e-06 1.1e-06 1.9e-07 3.9e-08 7.8e-09 1.7e-09 4.0e-10
1.4e-06 9.5e-07 1.9e-07 3.8e-08 7.4e-09 1.5e-09 3.5e-10 8.5e-11
2.6e-07 1.9e-07 3.9e-08 7.4e-09 1.7e-09 3.3e-10 7.8e-11 1.9e-11
5.2e-08 3.7e-08 7.8e-09 1.5e-09 3.3e-10 8.2e-11 1.8e-11 4.7e-12
1.2e-08 8.2e-09 1.7e-09 3.5e-10 7.8e-11 1.8e-11 1.2e-11 1.2e-12
2.6e-09 1.9e-09 4.0e-10 8.5e-11 1.9e-11 4.7e-12 1.2e-12 5.4e-13
